# Made in Blockbench 4.12.5
mtllib 22_air_vent.mtl

o cube
v 0.446875 0.0945 0.78125
v 0.553125 0.0945 0.78125
v 0.446875 -0.12425 0.78125
v 0.553125 -0.12425 0.78125
v 0.44687499999999997 0.0945 0.53125
v 0.553125 0.0945 0.53125
v 0.44687499999999997 -0.12425 0.53125
v 0.553125 -0.12425 0.53125
v 0.375 0.0945 0.603125
v 0.375 0.0945 0.709375
v 0.375 -0.12425 0.603125
v 0.375 -0.12425 0.709375
v 0.625 0.0945 0.603125
v 0.625 0.0945 0.709375
v 0.625 -0.12425 0.603125
v 0.625 -0.12425 0.709375
v 0.40686562500000006 0.281 0.875099375
v 0.5928031250000001 0.281 0.875099375
v 0.40686562500000006 0.0935 0.875099375
v 0.5928031250000001 0.0935 0.875099375
v 0.40686562499999995 0.281 0.437599375
v 0.592803125 0.281 0.437599375
v 0.40686562499999995 0.0935 0.437599375
v 0.592803125 0.0935 0.437599375
v 0.281085 0.281 0.5633806250000001
v 0.28108500000000003 0.281 0.7493181250000001
v 0.281085 0.0935 0.5633806250000001
v 0.28108500000000003 0.0935 0.7493181250000001
v 0.718585 0.281 0.563380625
v 0.718585 0.281 0.749318125
v 0.718585 0.0935 0.563380625
v 0.718585 0.0935 0.749318125
vt 0.5 0.4375
vt 0.5 0.5625
vt 0.4375 0.5625
vt 0.4375 0.4375
vt 0.3125 0.40625
vt 0.3125 0.53125
vt 0.25 0.53125
vt 0.25 0.40625
vt 0.40625 0.40625
vt 0.40625 0.53125
vt 0.34375 0.53125
vt 0.34375 0.40625
vt 0.53125 0.625
vt 0.53125 0.75
vt 0.46875 0.75
vt 0.46875 0.625
vt 0.375 0.90625
vt 0.375 1
vt 0.28125 1
vt 0.28125 0.90625
vt 0.09375 0.5
vt 0.09375 0.59375
vt 0 0.59375
vt 0 0.5
vt 0.21875 0.46875
vt 0.21875 0.5625
vt 0.125 0.5625
vt 0.125 0.46875
vt 0.5 0.90625
vt 0.5 1
vt 0.40625 1
vt 0.40625 0.90625
vt 0.53125 0.875
vt 0.4375 0.875
vt 0.4375 0.78125
vt 0.53125 0.78125
vt 0.53125 0.875
vt 0.4375 0.875
vt 0.4375 0.78125
vt 0.53125 0.78125
vt 0.53125 0.875
vt 0.4375 0.875
vt 0.4375 0.78125
vt 0.53125 0.78125
vt 0.53125 0.875
vt 0.4375 0.875
vt 0.4375 0.78125
vt 0.53125 0.78125
vt 0.4375 0.625390625
vt 0.4375 0.718359375
vt 0.374609375 0.78125
vt 0.374609375 0.5625
vt 0.281640625 0.78125
vt 0.281640625 0.5625
vt 0.374609375 0.5625
vt 0.374609375 0.78125
vt 0.281640625 0.5625
vt 0.281640625 0.78125
vt 0.21875 0.718359375
vt 0.21875 0.625390625
vt 0.0625 0.46875
vt 0 0.46875
vt 0 0.34375
vt 0.0625 0.34375
vt 0.0625 0.46875
vt 0 0.46875
vt 0 0.34375
vt 0.0625 0.34375
vt 0 0.34375
vt 0.0625 0.34375
vt 0.0625 0.46875
vt 0 0.46875
vt 0.0625 0.46875
vt 0 0.46875
vt 0 0.34375
vt 0.0625 0.34375
vt 0.1714865625 0.9999996875
vt 0.0785178125 0.9999996875
vt 0.0156271875 0.9371090625
vt 0.2343771875 0.9371090625
vt 0.0156228125 0.844140625
vt 0.2343746875 0.844140625
vt 0.2343771875 0.9371090625
vt 0.0156253125 0.9371090625
vt 0.0785153125 0.78125
vt 0.1714840625 0.78125
vt 0.2343746875 0.844140625
vt 0.0156246875 0.844140625
vt 0 0.7140625
vt 0 0.6609375
vt 0.0359375 0.625
vt 0.0359375 0.75
vt 0.0359375 0.75
vt 0.0359375 0.625
vt 0.0890625 0.625
vt 0.0890625 0.75
vt 0.0890625 0.74999875
vt 0.0890625 0.625
vt 0.125 0.660935625
vt 0.1249984375 0.7140615625
vn 2.220446049250313e-16 0 1
vn -2.220446049250313e-16 0 -1
vn -1 0 2.220446049250313e-16
vn 1 0 -2.220446049250313e-16
vn 2.220446049250313e-16 0 1
vn -2.220446049250313e-16 0 -1
vn -1 0 2.220446049250313e-16
vn 1 0 -2.220446049250313e-16
vn -0.7071085379757639 0 0.7071050243929665
vn -0.707108537975764 0 -0.7071050243929663
vn 0.7071050244016958 0 -0.7071085379670347
vn 0.7071050244016961 0 0.7071085379670344
vn 0 1 0
vn 0 1 0
vn 0 1 0
vn 0.7071067811865475 0 -0.7071067811865477
vn -0.7071067811865477 0 -0.7071067811865475
vn -0.7071067811865475 0 0.7071067811865477
vn 0.7071067811865477 0 0.7071067811865475
vn 0 -1 0
vn 0 -1 0
vn 0 -1 0
vn 0 -1 0
vn 0 -1 0
vn 0 -1 0
usemtl m_5777b958-891c-dc5a-d050-3986af6127b0
f 4/1/1 2/2/1 1/3/1 3/4/1
f 7/5/2 5/6/2 6/7/2 8/8/2
f 12/9/3 10/10/3 9/11/3 11/12/3
f 15/13/4 13/14/4 14/15/4 16/16/4
f 20/17/5 18/18/5 17/19/5 19/20/5
f 23/21/6 21/22/6 22/23/6 24/24/6
f 28/25/7 26/26/7 25/27/7 27/28/7
f 31/29/8 29/30/8 30/31/8 32/32/8
f 17/33/9 26/34/9 28/35/9 19/36/9
f 25/37/10 21/38/10 23/39/10 27/40/10
f 22/41/11 29/42/11 31/43/11 24/44/11
f 30/45/12 18/46/12 20/47/12 32/48/12
f 17/49/13 18/50/13 30/51/13 26/52/13
f 29/53/14 25/54/14 26/55/14 30/56/14
f 25/57/15 29/58/15 22/59/15 21/60/15
f 6/61/16 13/62/16 15/63/16 8/64/16
f 9/65/17 5/66/17 7/67/17 11/68/17
f 12/69/18 3/70/18 1/71/18 10/72/18
f 14/73/19 2/74/19 4/75/19 16/76/19
f 20/77/20 19/78/20 28/79/20 32/80/20
f 27/81/21 31/82/21 32/83/21 28/84/21
f 23/85/22 24/86/22 31/87/22 27/88/22
f 7/89/23 8/90/23 15/91/23 11/92/23
f 11/93/24 15/94/24 16/95/24 12/96/24
f 12/97/25 16/98/25 4/99/25 3/100/25